t_resa	cat	orig	dest	anticipe	urgente	t_avl	t_due	vol	fare	decision
0	F	1	3	1	0	2	20	5	2	1
0	F	3	0	0	0	18	36	3	1	1
0	R	0	2	0	0	11	28	1	1	1
0	R	3	0	0	1	8	23	2	2	0
0	P	2	3	0	0	11	19	4	1	0
0	R	2	3	1	0	1	9	3	2	1
0	F	0	2	1	1	5	12	3	4	0
0	R	1	0	1	1	2	6	3	4	0
0	F	0	1	0	1	9	12	2	2	0
0	R	2	1	1	0	3	10	4	2	0
0	F	3	2	1	0	5	11	1	2	1
0	F	2	3	0	1	8	13	1	2	0
0	R	2	1	0	0	14	23	3	1	0
0	F	3	2	1	0	4	10	1	2	1
0	F	3	1	1	1	3	13	1	4	1
0	R	0	2	1	0	2	16	4	2	0
0	P	2	3	1	0	4	14	5	2	1
0	P	0	1	1	0	3	13	4	2	0
0	R	2	0	0	1	20	27	2	2	1
1	P	3	0	1	1	2	17	1	4	1
1	P	3	1	0	0	10	30	2	1	1
1	F	3	1	1	1	5	12	1	4	1
1	F	3	2	0	0	12	22	4	1	0
1	R	3	2	0	0	13	21	2	1	0
1	P	2	1	1	0	3	10	5	2	0
1	P	3	0	0	0	8	25	5	1	0
1	P	1	2	1	0	4	11	1	2	0
1	F	3	1	0	1	14	19	2	2	0
1	F	2	3	1	1	2	7	1	4	1
1	F	2	0	0	1	16	21	4	2	0
1	F	0	1	0	1	17	19	1	2	0
1	R	1	3	1	0	4	17	1	2	0
1	R	2	1	0	1	21	26	3	2	1
2	F	1	2	0	1	20	22	5	2	0
2	R	1	0	1	0	5	14	1	2	1
2	R	0	3	0	0	14	37	5	1	1
2	F	3	1	0	1	13	18	3	2	0
2	P	1	3	1	1	6	9	1	4	0
2	R	1	3	1	0	6	17	2	2	0
2	P	1	2	1	0	3	13	3	2	0
2	F	1	3	0	1	16	26	3	2	1
2	P	0	2	1	1	4	10	3	4	0
2	F	1	0	1	1	3	7	5	4	0
2	F	1	2	0	0	13	20	5	1	1
2	P	2	0	1	1	3	9	2	4	0
2	R	1	2	0	1	21	26	1	2	0
2	F	1	3	1	0	7	25	4	2	1
2	R	2	0	1	1	5	13	5	4	1
2	F	2	3	0	1	15	19	1	2	0
2	P	3	2	0	0	20	29	1	1	1
3	R	2	0	0	1	11	15	4	2	0
3	P	0	3	0	0	10	29	5	1	1
3	F	2	0	1	0	5	21	4	2	1
3	P	3	0	0	0	10	33	4	1	1
3	F	0	1	0	0	16	22	4	1	0
3	R	0	2	1	1	6	11	3	4	0
3	F	3	1	0	1	22	28	5	2	0
3	R	2	1	0	0	17	26	2	1	1
3	R	1	2	1	1	8	12	2	4	0
3	F	0	2	1	0	7	27	4	2	1
4	F	3	1	1	1	6	15	3	4	1
4	F	0	2	0	1	14	20	2	2	1
4	R	1	3	1	1	8	12	3	4	0
4	F	1	3	1	1	6	14	5	4	0
4	R	1	2	0	0	24	34	2	1	1
4	F	1	0	1	1	6	8	2	4	0
4	F	2	3	0	1	20	25	4	2	0
4	P	3	2	1	1	9	13	4	4	0
4	P	1	2	0	1	14	18	3	2	1
4	P	3	2	1	0	6	12	4	2	1
4	R	0	1	0	0	23	30	1	1	1
4	R	2	1	1	1	9	12	1	4	1
4	R	0	1	1	1	5	9	4	4	0
4	F	1	0	1	0	9	18	1	2	1
4	F	2	1	0	1	14	16	3	2	0
4	F	1	0	1	1	6	10	4	4	0
5	F	3	0	1	1	9	13	3	4	0
5	R	1	3	1	1	10	14	4	4	0
5	F	3	2	0	0	12	22	3	1	0
5	F	2	3	1	1	7	9	5	4	0
5	R	3	0	0	0	14	31	4	1	1
5	P	1	2	1	1	10	14	1	4	0
5	P	0	1	1	0	8	16	1	2	1
5	R	1	3	0	1	20	27	4	2	0
5	P	0	3	0	0	13	29	1	1	1
5	R	2	0	1	0	8	21	4	2	1
6	P	2	1	1	1	9	14	3	4	1
6	F	2	0	0	1	17	22	3	2	0
6	R	3	1	0	0	18	38	5	1	1
6	F	0	3	0	1	15	21	1	2	0
6	P	3	1	1	0	10	22	3	2	0
6	F	0	1	1	1	10	15	3	4	0
6	F	3	2	0	1	22	25	1	2	0
6	F	0	1	1	0	8	14	5	2	0
6	R	1	0	0	1	21	24	2	2	0
6	P	0	3	0	0	25	55	3	1	1
6	F	3	0	1	0	10	35	2	2	1
7	R	3	1	1	0	12	27	5	2	1
7	P	3	0	1	1	10	22	5	4	0
7	F	1	2	0	0	20	29	2	1	0
7	R	2	0	1	0	9	20	1	2	1
7	R	1	3	1	0	10	28	2	2	1
8	F	2	3	0	0	16	22	1	1	1
8	P	2	3	1	0	9	15	3	2	0
8	R	1	0	0	1	17	20	4	2	0
8	F	3	0	1	0	13	38	2	2	1
8	F	2	1	0	1	16	18	3	2	0
8	F	3	0	0	0	16	37	1	1	1
8	P	0	3	0	1	20	28	3	2	0
8	F	0	1	1	0	12	18	2	2	1
8	P	3	0	1	0	12	39	4	2	1
8	R	1	3	1	0	10	30	2	2	1
8	F	2	1	1	0	12	20	1	2	0
8	R	1	2	0	0	27	36	4	1	1
9	R	0	3	1	1	13	28	2	4	1
9	P	3	0	1	0	13	37	1	2	1
9	R	2	1	0	1	28	33	3	2	0
9	R	3	1	1	0	11	29	5	2	1
9	P	3	1	1	1	13	22	5	4	0
9	F	1	3	1	0	14	32	2	2	1
9	P	2	3	1	1	14	17	2	4	0
10	P	3	0	0	0	20	45	4	1	1
10	F	0	3	0	1	19	32	3	2	0
10	P	3	1	1	1	11	18	1	4	0
10	F	3	1	1	0	11	24	5	2	0
10	F	3	2	1	1	13	15	3	4	0
10	F	1	0	0	1	27	31	2	2	0
10	F	3	1	1	1	14	17	3	4	0
10	F	2	0	1	0	12	28	1	2	1
10	R	3	1	1	0	14	26	1	2	1
10	F	2	0	0	1	18	21	3	2	0
10	P	0	2	1	1	14	17	1	4	0
10	P	2	3	1	1	12	16	5	4	0
10	P	2	1	1	0	12	21	5	2	0
10	P	0	3	0	1	20	34	5	2	1
10	P	0	2	0	1	17	21	4	2	0
11	R	1	3	1	0	15	30	2	2	1
11	R	0	2	0	1	17	25	4	2	0
11	F	3	1	0	0	30	42	2	1	1
11	P	0	1	1	1	15	20	3	4	0
11	R	1	2	0	1	19	22	2	2	0
11	F	0	1	0	1	25	28	2	2	0
11	F	0	3	1	1	13	23	3	4	1
11	P	1	3	0	0	27	42	3	1	1
11	F	2	3	1	0	13	22	3	2	1
11	P	0	2	1	1	14	19	5	4	0.8
12	R	1	3	1	1	15	19	5	4	0
12	F	2	3	0	1	22	24	3	2	0
12	R	1	3	1	0	13	24	5	2	0
12	R	0	2	0	0	24	44	2	1	1
12	P	3	1	0	0	26	43	2	1	1
12	P	2	1	0	1	28	30	3	2	0
12	P	3	2	1	1	17	21	2	4	0
12	F	2	0	0	1	25	35	5	2	0
12	F	2	0	1	1	13	23	5	4	0
12	R	1	0	0	0	28	35	3	1	0
12	F	2	1	1	0	15	25	1	2	1
13	R	0	2	1	1	15	23	3	4	0
13	F	3	0	1	1	15	30	5	4	0
13	F	1	3	0	1	26	30	2	2	0
13	P	2	0	0	1	23	30	3	2	0.666667
13	R	1	0	0	1	28	33	4	2	0
13	P	0	3	1	1	15	27	5	4	0
13	R	1	2	1	1	18	22	2	4	0
13	F	0	3	0	1	23	37	1	2	1
13	P	2	1	0	0	31	38	4	1	0
13	R	0	1	0	0	31	41	2	1	0
13	R	0	3	0	1	19	23	2	2	0
13	F	2	0	0	0	31	47	2	1	1
13	R	2	0	0	1	21	30	5	2	0
13	F	1	0	1	0	16	24	5	2	0
14	R	3	1	1	0	18	30	5	2	0
14	F	1	2	0	0	26	36	2	1	1
14	P	2	3	1	0	15	21	3	2	1
14	R	1	3	1	0	15	28	2	2	0
14	P	3	1	0	0	28	45	2	1	1
14	P	3	1	1	1	19	24	5	4	0
14	P	2	1	0	1	30	33	3	2	0
14	F	3	1	0	1	22	27	2	2	0
14	F	2	1	0	1	31	34	3	2	0
14	F	0	1	0	1	33	36	1	2	0
14	F	0	2	1	0	16	35	4	2	1
14	R	2	1	1	1	16	19	1	4	0
14	R	1	0	0	1	24	26	2	2	0
14	R	2	0	0	1	21	29	2	2	0
15	F	2	3	0	1	24	29	3	2	0
15	P	3	1	0	0	23	38	2	1	0
15	R	2	1	0	1	35	40	3	2	1
15	R	1	3	1	0	17	32	5	2	0
15	R	0	2	0	0	31	45	2	1	0
15	F	3	2	0	0	26	35	4	1	0
15	R	1	2	0	0	33	40	2	1	0
15	F	1	3	1	0	18	38	2	2	1
15	F	0	3	0	1	26	37	1	2	1
15	R	1	3	1	0	17	37	2	2	1
15	R	1	2	0	1	28	31	1	2	0
16	P	3	1	1	0	18	34	3	2	0
16	P	1	2	1	0	17	26	3	2	0
16	F	1	0	1	1	19	21	5	4	0
16	F	2	0	0	0	29	40	2	1	0
16	F	2	0	1	1	19	28	5	4	0
16	P	0	2	0	1	24	27	4	2	0
16	P	0	3	0	0	29	52	1	1	1
17	R	3	1	1	0	21	32	5	2	0
17	P	3	1	1	1	20	28	1	4	0
17	F	1	3	1	1	20	29	5	4	0
17	R	1	0	0	1	32	37	4	2	0
17	P	3	2	1	1	20	23	2	4	1
17	F	0	2	1	1	22	25	3	4	0
17	F	2	0	0	1	28	33	4	2	0
17	R	2	1	0	0	25	34	2	1	0
17	F	0	1	0	1	36	38	2	2	0
17	P	1	2	0	1	31	35	3	2	0
17	F	2	0	0	1	37	47	3	2	1
18	F	3	1	1	1	22	31	3	4	0
18	P	2	0	0	1	38	48	3	2	0
18	R	1	3	1	1	20	29	3	4	0
18	R	1	3	1	1	20	28	4	4	0
18	R	3	0	0	0	37	63	4	1	1
18	F	3	0	1	0	19	42	2	2	1
18	P	0	1	1	0	21	30	1	2	1
18	F	0	1	0	1	33	37	2	2	0
18	F	3	2	1	0	19	27	1	2	1
18	F	2	3	1	0	20	27	3	2	0
18	F	2	3	0	1	37	40	1	2	0
18	F	2	1	1	0	22	32	1	2	0
18	F	1	0	1	0	20	30	5	2	1
19	F	0	3	0	1	28	35	3	2	1
19	F	3	2	1	1	21	23	3	4	1
19	F	1	0	1	1	20	23	2	4	0
19	P	3	0	0	0	32	57	5	1	1
19	P	0	1	1	1	21	26	3	4	0
19	F	2	3	0	1	34	36	4	2	0
19	F	3	1	0	1	29	39	3	2	1
19	R	0	2	1	1	23	29	3	4	0
19	F	3	0	0	0	27	57	1	1	1
19	P	2	3	1	1	21	26	2	4	0
19	P	2	3	1	1	21	25	5	4	0
19	P	3	2	1	0	24	32	4	2	0
19	F	3	2	1	0	23	32	1	2	0
19	F	1	0	1	0	21	28	1	2	1
19	R	1	3	1	0	23	37	1	2	1
19	R	2	0	1	1	23	26	5	4	0
20	P	3	0	1	1	22	33	1	4	0
20	F	2	3	1	1	25	29	5	4	0
20	F	3	1	1	0	21	41	5	2	1
20	F	0	3	0	1	32	43	1	2	0
20	P	3	0	1	0	23	50	4	2	1
20	P	0	3	0	1	33	43	5	2	0
20	F	1	3	1	0	24	36	4	2	1
20	P	0	1	1	0	23	30	4	2	1
20	P	3	2	0	0	34	41	1	1	1
20	R	1	2	0	0	30	40	4	1	1
21	F	3	0	0	0	27	55	3	1	1
21	R	1	0	0	1	27	30	4	2	0
21	P	2	1	1	1	26	31	3	4	0
21	R	0	3	0	0	37	61	5	1	1
21	R	1	2	1	1	25	27	2	4	0
21	F	0	3	1	1	23	35	3	4	0
21	P	0	2	1	1	25	33	3	4	0.666667
21	R	0	3	0	1	29	38	2	2	0
21	R	0	1	0	0	28	34	1	1	1
22	R	0	2	1	1	23	27	3	4	0
22	P	3	0	1	1	24	28	5	4	0
22	P	3	0	0	0	34	53	4	1	1
22	R	2	0	0	1	38	46	4	2	0
22	F	2	0	0	1	36	40	3	2	0
22	P	0	3	1	1	27	41	5	4	0
22	P	3	0	0	0	37	65	4	1	1
22	F	0	1	0	0	29	39	4	1	0
22	F	2	3	1	1	27	32	1	4	0
22	P	0	2	1	1	23	32	1	4	0
22	F	2	3	0	1	40	44	1	2	0
22	P	1	3	0	0	40	57	3	1	1
22	F	3	1	1	1	23	30	1	4	0
22	R	1	3	1	0	23	34	2	2	0
23	F	3	0	1	1	24	34	5	4	0
23	F	2	3	0	0	39	45	1	1	0
23	R	1	0	1	0	26	34	1	2	0
23	P	3	0	1	0	27	55	1	2	1
23	P	0	3	0	0	41	64	5	1	1
23	P	2	1	1	0	25	35	5	2	0
23	R	2	3	1	0	26	33	3	2	0
23	F	3	1	0	0	32	46	2	1	1
23	P	1	2	1	1	27	31	1	4	0
23	F	2	0	0	1	39	49	5	2	0
23	P	0	3	0	1	29	34	3	2	0
23	R	0	1	0	0	31	41	2	1	0
23	P	2	0	1	1	28	34	2	4	0
23	F	2	1	1	0	27	37	1	2	0
23	F	1	0	1	1	27	30	4	4	0
23	P	0	2	1	1	25	30	5	4	0
24	R	1	3	1	1	28	35	5	4	0
24	F	0	2	0	1	44	54	2	2	0
24	F	1	3	0	1	39	44	2	2	0
24	F	1	2	0	1	36	41	5	2	0
24	R	1	2	1	1	28	31	2	4	0
24	P	1	3	1	1	29	38	1	4	0
24	P	3	2	1	1	28	32	4	4	0
24	R	1	0	1	1	27	30	3	4	0
24	R	1	3	0	1	41	45	4	2	0
24	P	2	1	1	0	25	35	5	2	0
24	R	2	1	0	1	43	46	3	2	0
24	R	2	0	0	1	32	41	5	2	0
24	R	2	1	0	0	35	44	3	1	1
24	F	2	1	0	1	40	45	3	2	0
24	R	0	2	1	0	28	41	4	2	0
24	R	2	0	1	0	27	47	4	2	0
25	F	1	3	1	0	30	47	5	2	0
25	F	3	0	1	1	26	31	3	4	0
25	R	0	2	0	1	34	41	4	2	0
25	R	0	2	0	0	35	52	1	1	1
25	R	3	0	0	1	33	42	2	2	0
25	F	1	0	0	1	38	42	2	2	1
25	R	2	0	1	0	27	42	1	2	0
25	F	3	1	0	1	34	39	5	2	0
25	F	2	0	1	0	27	43	1	2	0
25	F	0	1	1	0	30	37	5	2	0
25	F	0	1	1	0	26	34	2	2	1
25	R	1	0	0	0	31	38	3	1	0
25	R	1	3	1	0	26	44	2	2	0
26	F	3	2	0	0	33	43	3	1	1
26	R	3	1	0	0	40	54	5	1	1
26	F	2	0	1	0	31	51	4	2	0
26	F	3	2	0	1	39	42	1	2	0
26	F	1	3	0	1	46	55	3	2	0
26	R	3	1	1	0	31	49	1	2	0
26	P	2	3	1	0	31	39	5	2	1
27	R	0	3	1	1	32	46	2	4	0
27	F	3	1	1	1	28	32	1	4	0
27	R	3	2	0	0	40	49	2	1	0
27	P	2	3	0	0	38	48	4	1	1
27	P	1	2	1	0	30	38	1	2	0
27	F	0	1	1	1	32	35	3	4	0
27	F	3	1	1	1	28	38	3	4	0
27	R	1	2	0	1	40	43	2	2	0
27	P	2	1	0	0	40	50	4	1	0
27	R	2	1	1	0	31	37	4	2	0
27	R	0	1	1	1	31	34	4	4	0
27	F	1	2	0	0	45	51	5	1	0
27	P	0	3	0	0	33	61	3	1	1
27	F	3	0	1	0	32	62	2	2	1
28	F	3	0	1	1	33	48	5	4	0
28	F	1	2	0	0	48	58	2	1	0
28	F	1	3	1	0	31	51	2	2	1
28	R	1	3	1	0	30	45	2	2	0
28	P	0	1	1	0	31	37	1	2	0
28	P	3	2	1	1	32	35	4	4	0
28	F	1	3	0	1	45	51	3	2	0
28	P	0	2	1	1	32	41	3	4	0
28	R	0	3	0	1	38	51	2	2	1
28	F	0	2	1	0	31	49	4	2	1
28	P	2	1	1	0	32	40	5	2	0
28	R	1	2	0	1	46	49	1	2	0
28	R	2	1	0	1	37	42	3	2	0
28	P	0	3	0	0	43	70	3	1	1
29	F	0	2	0	1	45	49	2	2	0
29	F	2	3	0	1	37	42	3	2	0
29	F	1	3	1	0	32	44	5	2	0
29	F	3	2	0	0	43	53	3	1	1
29	P	3	0	1	0	32	60	1	2	1
29	F	2	0	1	0	30	42	4	2	0
29	F	0	2	1	1	34	42	3	4	0
29	F	3	2	0	1	45	49	1	2	0
29	P	3	2	1	0	33	43	4	2	1
29	R	0	1	0	0	47	55	1	1	0
30	F	3	0	0	0	49	72	3	1	1
30	P	2	1	1	1	32	37	3	4	0
30	P	2	3	0	0	38	48	4	1	1
30	R	3	0	0	0	36	60	4	1	1
30	P	1	2	1	1	31	36	1	4	0
30	R	0	2	1	1	34	41	3	4	0
30	R	1	0	1	1	33	35	3	4	0
30	R	0	1	0	0	37	47	2	1	1
30	F	2	0	0	0	40	51	2	1	0
31	F	2	3	0	0	38	47	1	1	0
31	R	1	0	1	0	33	41	1	2	1
31	F	0	3	0	1	48	55	3	2	0
31	R	0	3	0	0	40	64	5	1	1
31	P	0	3	0	0	46	67	5	1	1
31	F	3	0	1	0	32	57	2	2	1
31	R	1	2	1	1	35	40	2	4	0
31	P	2	1	0	0	43	51	4	1	0
31	R	0	1	1	1	36	41	4	4	0
31	F	1	0	1	0	32	40	1	2	0
31	F	2	0	1	1	36	45	5	4	0
31	R	2	0	1	0	33	47	4	2	0
32	F	1	2	0	1	51	53	5	2	0
32	P	3	1	0	0	47	60	2	1	1
32	R	3	1	1	0	33	48	5	2	0
32	P	3	1	1	1	34	39	5	4	0
32	F	0	3	0	1	42	49	1	2	1
32	F	2	1	0	1	44	47	3	2	0
32	F	2	3	0	1	41	45	4	2	0
32	F	0	1	0	0	47	54	4	1	0
32	F	2	0	0	1	40	50	4	2	0
32	R	3	1	1	0	37	51	1	2	0
32	P	0	2	1	1	37	42	1	4	0
32	P	2	3	1	1	34	37	5	4	0
32	R	2	1	1	1	37	42	1	4	0
32	R	1	3	1	0	35	46	1	2	0
32	P	1	3	0	0	49	67	3	1	1
32	F	3	0	1	0	34	54	2	2	0
33	F	1	3	0	1	52	56	2	2	0
33	P	3	0	1	1	37	48	1	4	0
33	R	1	3	1	1	36	40	3	4	0
33	F	1	3	1	1	38	41	5	4	0
33	R	3	1	0	0	50	65	5	1	0
33	R	2	3	1	0	34	41	3	2	0
33	P	0	1	1	1	35	40	3	4	0
33	R	2	0	1	0	38	57	1	2	1
33	F	3	1	0	1	43	51	3	2	0
33	F	3	1	1	1	35	45	3	4	0
33	P	1	2	1	0	38	44	3	2	0
33	R	2	1	0	0	47	57	2	1	1
33	R	1	0	0	1	40	44	2	2	0
33	P	0	3	0	1	47	54	5	2	0
33	R	1	3	1	0	35	47	2	2	0
33	R	2	0	0	1	52	59	2	2	0
34	P	3	0	1	1	35	41	5	4	0
34	R	1	3	1	1	38	42	5	4	0
34	R	0	2	0	0	47	59	2	1	0
34	R	0	2	0	0	49	68	1	1	1
34	F	3	1	1	0	37	54	5	2	1
34	F	3	0	0	0	48	65	1	1	1
34	R	1	2	1	1	35	39	2	4	0
34	F	2	3	0	1	52	56	1	2	0
34	P	0	3	0	0	41	60	1	1	1
34	R	1	2	0	0	41	47	4	1	1
35	F	3	1	1	1	37	45	3	4	0
35	R	1	0	0	1	51	54	4	2	0
35	R	2	0	0	1	42	48	4	2	0
35	P	3	1	1	1	39	49	1	4	0
35	F	1	0	1	1	36	38	2	4	0
35	F	1	0	0	1	54	59	2	2	0
35	P	3	0	0	0	55	84	4	1	1
35	P	3	2	1	1	36	41	2	4	0
35	R	1	2	0	1	54	56	2	2	0
35	P	0	3	0	1	47	55	3	2	0
35	F	2	0	1	0	40	51	1	2	0
35	F	0	3	1	1	40	47	3	4	0
35	F	0	1	1	0	40	46	2	2	1
35	R	2	1	1	0	39	46	4	2	0
35	P	3	0	1	0	39	59	4	2	1
35	F	3	1	1	1	39	44	1	4	0
35	P	0	2	1	1	39	45	5	4	0
35	P	2	3	1	0	36	43	5	2	0
35	F	2	3	0	1	45	47	1	2	0
35	P	3	2	0	0	50	56	1	1	0
36	R	0	2	1	1	41	51	3	4	1
36	P	3	1	0	0	52	68	2	1	1
36	P	3	0	0	0	44	60	4	1	1
36	R	1	2	0	0	54	61	2	1	1
36	F	3	1	0	1	53	63	2	2	0
36	P	3	1	1	0	37	51	3	2	0
36	P	1	3	1	1	41	48	1	4	1
36	P	2	3	1	1	41	45	2	4	0
36	F	2	0	0	1	51	61	3	2	1
36	F	3	2	1	0	39	49	1	2	0
36	F	2	1	0	1	51	55	3	2	1
36	F	1	0	1	1	39	41	4	4	1
36	F	2	3	1	0	37	45	3	2	0
37	R	3	1	1	0	42	62	5	2	0
37	P	2	0	0	1	44	53	3	2	0
37	F	3	0	1	1	39	51	3	4	0
37	R	1	3	1	0	42	53	2	2	1
37	R	3	2	0	0	46	52	2	1	1
37	F	0	1	1	1	41	43	3	4	0
37	F	0	1	0	1	49	53	1	2	0
37	P	1	2	0	1	51	56	3	2	0
37	F	0	1	1	0	40	46	5	2	1
37	F	1	0	1	1	38	43	5	4	1
37	P	2	0	1	1	39	43	2	4	0
38	R	2	1	0	1	49	52	3	2	0
38	R	0	2	0	1	52	55	4	2	0
38	F	3	2	1	1	43	47	3	4	0
38	F	2	0	0	1	55	60	3	2	0
38	P	2	1	1	0	43	51	5	2	0
38	P	3	0	0	0	50	72	5	1	1
38	F	2	0	0	1	58	66	5	2	0
38	F	0	1	0	1	54	59	2	2	1
38	F	3	2	1	0	43	53	1	2	1
38	R	1	0	0	0	52	62	3	1	1
38	F	2	1	1	0	42	50	1	2	0
38	R	2	0	0	1	45	49	5	2	0
38	P	0	1	1	0	42	50	4	2	1
39	P	1	2	1	0	40	47	1	2	1
39	R	1	3	0	1	48	54	4	2	0
39	F	1	2	0	0	53	62	5	1	1
39	P	0	2	0	1	55	58	4	2	0
39	R	2	0	1	1	44	47	5	4	0
39	F	2	1	1	0	44	53	1	2	1
40	R	0	3	1	1	45	55	2	4	0
40	F	3	1	1	1	41	47	1	4	0
40	R	1	3	1	1	45	54	4	4	0
40	P	2	3	1	0	42	51	3	2	1
40	R	1	3	1	0	42	57	5	2	1
40	P	2	1	0	1	59	62	3	2	0
40	F	3	2	0	0	51	59	4	1	0
40	R	1	0	0	1	50	53	4	2	0
40	P	0	3	1	1	41	49	5	4	1
40	F	3	1	0	0	59	72	2	1	1
40	F	0	3	0	1	46	55	1	2	0
40	F	3	1	0	1	48	52	5	2	0
40	F	0	1	0	1	46	50	2	2	0
40	F	1	3	1	0	43	61	4	2	1
40	R	2	1	0	0	46	56	3	1	0
40	F	1	0	1	0	44	54	5	2	0
41	F	2	3	1	1	43	45	5	4	0
41	R	3	0	0	1	53	61	2	2	0
41	F	2	3	1	1	43	48	1	4	1
41	R	0	2	1	0	45	61	4	2	1
41	R	1	3	1	0	43	60	2	2	0
42	R	0	3	1	1	45	53	2	4	0
42	P	3	1	1	1	47	50	1	4	0
42	R	0	2	0	1	50	55	4	2	0
42	F	3	2	0	0	57	63	4	1	0
42	R	3	1	0	0	54	69	5	1	1
42	F	1	3	1	0	44	57	2	2	0
42	P	3	2	1	1	44	47	2	4	0
42	F	0	3	0	1	58	64	1	2	0
42	P	2	1	0	0	56	63	4	1	0
42	F	2	0	0	1	49	56	5	2	0
42	P	1	2	1	0	45	55	3	2	0
42	R	1	0	0	0	51	59	3	1	1
42	P	0	2	0	1	48	53	4	2	0
42	R	1	2	0	0	62	71	4	1	0
42	R	1	3	1	0	46	66	2	2	1
43	P	3	0	1	1	46	56	5	4	0.2
43	F	3	0	1	1	48	58	3	4	0
43	F	3	0	0	0	63	79	3	1	1
43	R	3	1	1	0	46	58	5	2	0
43	P	2	1	0	1	52	57	3	2	0
43	F	2	0	0	1	62	68	3	2	0
43	P	0	3	1	1	44	57	5	4	0
43	P	0	1	1	1	48	50	3	4	0
43	F	3	1	0	1	54	59	3	2	0
43	P	0	2	1	1	47	51	3	4	0
43	P	0	2	1	1	44	51	1	4	0
43	P	2	3	1	1	47	52	5	4	0
43	R	2	1	1	0	46	53	4	2	0
43	R	1	3	1	0	48	62	2	2	1
43	F	3	1	1	1	47	51	1	4	0
44	P	3	0	1	1	45	57	1	4	0
44	P	0	3	0	0	64	85	5	1	1
44	F	3	0	1	0	45	71	2	2	1
44	P	1	2	1	1	48	53	1	4	0
44	F	0	1	1	1	46	49	3	4	0
44	P	0	1	1	0	48	57	1	2	0
44	P	1	2	0	1	58	60	3	2	1
44	R	2	0	0	1	56	62	5	2	0
45	F	2	3	0	0	51	57	1	1	0
45	R	1	3	1	1	46	55	4	4	0
45	R	2	0	0	1	52	61	4	2	0
45	R	0	3	0	0	62	80	5	1	1
45	R	0	2	0	0	60	75	1	1	1
45	F	3	2	1	1	47	50	3	4	0
45	R	3	2	0	0	58	65	2	1	1
45	R	3	0	0	0	54	79	4	1	1
45	F	0	1	0	0	51	60	4	1	1
45	R	1	2	1	1	47	52	2	4	0
45	R	0	2	1	1	46	50	3	4	0
45	R	1	2	0	1	61	63	1	2	0
45	P	0	1	1	0	49	55	4	2	0
46	R	1	3	1	1	50	53	5	4	0
46	P	2	3	1	0	51	61	3	2	0
46	F	3	2	0	0	52	61	3	1	0
46	P	2	1	1	1	50	53	3	4	0
46	F	3	1	1	0	48	62	5	2	0
46	P	3	0	0	0	53	69	5	1	1
46	F	0	1	0	1	58	61	1	2	0
46	F	2	0	1	0	50	69	1	2	1
46	P	0	3	0	1	58	64	5	2	0
46	F	3	2	1	0	48	58	1	2	1
46	R	2	0	1	0	50	68	4	2	0
47	F	0	2	0	1	58	65	2	2	0
47	F	2	3	0	1	63	68	3	2	0
47	F	1	3	0	1	53	56	2	2	0
47	R	1	3	1	1	51	60	3	4	0
47	R	1	3	1	0	51	68	2	2	1
47	F	0	3	0	1	57	67	3	2	0
47	R	2	3	1	0	50	60	3	2	0
47	P	3	1	1	0	50	70	3	2	1
47	F	2	0	0	1	58	66	4	2	0
47	R	2	1	0	0	55	61	2	1	0
47	R	0	1	0	0	60	66	1	1	0
47	R	1	0	0	1	66	70	2	2	1
47	F	2	1	1	0	51	57	1	2	0
47	F	1	3	1	0	49	66	4	2	1
47	F	1	0	1	1	50	52	4	4	0
47	F	2	3	1	0	51	58	3	2	0
47	R	2	0	1	1	51	58	5	4	0
47	P	0	3	0	0	55	75	3	1	1
48	R	3	1	1	0	51	65	5	2	0
48	R	1	0	1	0	50	58	1	2	1
48	R	1	2	0	0	61	67	2	1	0
48	F	0	3	0	1	63	68	1	2	0
48	F	3	1	0	1	67	75	2	2	0
48	F	2	0	1	0	51	67	4	2	0
48	R	1	2	0	1	59	61	2	2	0
48	P	1	3	1	1	51	55	1	4	0
48	R	1	3	1	0	50	61	2	2	0
48	P	0	3	0	1	65	77	3	2	1
48	F	0	1	0	1	56	59	2	2	1
48	R	0	1	0	0	56	66	2	1	1
48	F	1	0	1	1	52	57	5	4	1
48	R	2	1	1	1	50	54	1	4	0
48	P	2	1	1	0	53	62	5	2	0
48	P	3	2	0	0	62	70	1	1	1
49	F	3	1	1	1	52	59	3	4	0
49	P	2	0	0	1	60	70	3	2	1
49	F	1	2	0	0	69	78	2	1	1
49	F	3	1	0	0	63	81	2	1	1
49	F	2	1	0	1	69	72	3	2	0
49	R	2	0	1	0	54	68	1	2	0
49	F	0	2	1	1	51	57	3	4	0
49	F	3	0	0	0	62	86	1	1	1
49	P	3	2	1	1	52	56	4	4	0
49	F	3	2	1	0	50	60	1	2	0
49	R	0	1	1	1	54	56	4	4	0
49	F	1	2	0	0	59	66	5	1	0
49	R	0	2	1	0	51	71	4	2	0
49	F	2	1	1	0	52	62	1	2	0
49	F	3	0	1	0	52	73	2	2	1
50	F	3	0	1	1	54	61	5	4	0
50	F	3	1	1	1	54	64	1	4	0
50	R	2	1	0	1	56	59	3	2	0
50	P	1	2	1	0	55	65	1	2	1
50	F	3	2	0	1	67	72	1	2	0
50	F	3	1	0	1	60	67	5	2	0
50	F	1	3	0	1	70	78	3	2	1
50	F	0	3	1	1	53	65	3	4	0
50	P	3	2	1	0	53	61	4	2	0
50	R	1	3	0	1	56	65	4	2	0
50	P	0	3	0	0	58	74	1	1	0
51	F	1	2	0	1	63	67	5	2	0
51	P	3	1	0	0	64	78	2	1	0
51	P	3	0	0	0	58	84	4	1	1
51	F	2	3	0	1	67	72	4	2	0
51	F	2	3	1	1	52	55	1	4	0
51	R	3	1	1	0	52	65	1	2	0
51	R	0	3	0	1	71	85	2	2	0
51	R	1	3	1	0	54	66	1	2	0
51	F	2	3	0	1	71	75	1	2	0
51	F	2	1	0	1	69	71	3	2	0
52	R	0	2	1	1	56	64	3	4	0
52	F	0	1	0	1	69	71	2	2	0
52	F	2	0	1	1	56	62	5	4	0
53	F	1	3	1	0	57	72	5	2	0
53	R	1	0	0	1	60	64	4	2	0
53	F	1	0	1	1	56	60	2	4	0
53	R	1	0	1	1	55	57	3	4	0
53	P	2	3	1	1	58	63	2	4	1
53	F	2	0	0	1	71	81	3	2	0
53	F	0	2	1	0	57	74	4	2	1
53	F	2	0	0	0	63	81	2	1	0
53	P	2	0	1	1	55	60	2	4	0
53	R	2	1	0	1	69	73	3	2	0
53	P	1	3	0	0	72	89	3	1	1
53	P	0	2	1	1	54	63	5	4	0
53	P	2	3	1	0	54	60	5	2	0
54	P	3	1	0	0	65	85	2	1	1
54	P	3	0	1	0	59	79	1	2	0
54	R	1	3	1	0	55	75	5	2	0
54	P	3	1	1	1	58	61	5	4	0
54	R	3	0	0	1	73	78	2	2	0
54	F	1	0	0	1	71	74	2	2	0
54	F	1	0	1	0	55	63	1	2	0
54	P	3	0	1	0	58	82	4	2	0
54	R	2	1	0	0	62	69	3	1	0
54	R	2	0	0	1	73	77	2	2	0
54	F	1	0	1	0	56	66	5	2	0
55	P	3	0	0	0	75	100	4	1	1
55	F	2	3	1	1	57	59	5	4	0
55	R	0	2	0	0	67	87	2	1	1
55	F	1	3	1	1	58	63	5	4	0
55	R	1	0	0	1	63	65	4	2	0
55	P	2	1	1	0	60	69	5	2	0
55	P	2	3	0	0	68	74	4	1	0
55	F	3	1	1	1	58	63	3	4	0
55	R	1	2	1	1	56	58	2	4	0
55	F	0	1	1	0	57	67	5	2	0
55	F	0	1	1	0	59	65	2	2	0
55	F	2	3	0	1	63	68	1	2	0
56	F	3	0	1	1	57	69	5	4	0
56	F	3	0	1	1	60	73	3	4	0
56	F	3	2	0	0	71	77	3	1	0
56	F	3	2	0	0	70	80	4	1	1
56	P	1	3	1	1	57	65	1	4	0
56	R	1	2	1	1	60	64	2	4	0
56	F	1	0	1	1	60	63	5	4	0
56	F	1	2	0	0	76	82	5	1	0
56	P	3	0	1	0	57	73	4	2	0
56	R	1	3	1	0	57	77	2	2	1
56	F	2	1	0	1	72	75	3	2	0
56	F	2	3	1	0	58	64	3	2	1
57	P	3	0	0	0	72	97	4	1	1
57	R	1	3	1	0	59	70	5	2	0
57	R	1	3	1	0	60	80	2	2	1
57	F	0	3	0	1	63	74	3	2	0
57	P	3	1	1	1	62	71	5	4	0
57	F	3	1	0	0	64	83	2	1	1
57	R	2	0	1	0	60	71	1	2	0
57	F	2	3	1	1	60	63	1	4	1
57	R	1	0	1	1	60	63	3	4	0
57	F	0	1	1	0	59	68	5	2	0
57	P	2	3	1	1	59	61	2	4	0
57	F	0	3	1	1	60	72	3	4	0
57	P	0	2	1	1	59	69	1	4	0
58	F	1	3	0	1	74	83	2	2	0
58	F	1	2	0	0	69	78	2	1	1
58	F	3	0	0	0	67	91	3	1	1
58	R	0	2	0	0	78	89	2	1	1
58	P	3	1	0	0	66	83	2	1	1
58	R	2	3	1	0	63	73	3	2	0
58	P	3	0	0	0	64	94	4	1	1
58	F	0	1	1	1	59	63	3	4	0
58	R	1	2	0	1	75	78	2	2	0
58	P	0	1	1	0	59	69	1	2	0
58	P	3	2	1	1	62	64	4	4	0
58	R	0	1	0	0	69	77	2	1	1
58	F	0	1	1	0	59	67	2	2	0
58	R	0	1	1	1	61	65	4	4	0
58	F	3	2	1	0	62	72	1	2	1
58	P	0	2	1	1	59	68	5	4	0
58	R	1	2	0	0	69	77	4	1	1
59	P	2	0	0	1	67	76	3	2	0
59	R	3	2	0	0	79	89	2	1	0
59	F	2	0	1	0	61	73	4	2	0
59	F	0	3	0	1	69	79	1	2	1
59	R	3	1	1	0	61	75	1	2	0
59	F	3	1	1	1	63	71	1	4	0
59	F	1	0	1	0	64	70	5	2	1
60	P	1	2	1	0	64	71	1	2	0
60	P	0	3	0	1	79	83	3	2	0
60	F	2	0	1	0	61	74	1	2	0
60	F	0	1	0	1	80	82	2	2	0
60	P	3	2	1	0	62	72	4	2	1
60	R	1	3	1	0	65	84	1	2	1
60	F	1	3	1	0	65	81	4	2	1
60	R	2	1	0	0	68	76	3	1	0
60	P	0	3	0	0	77	106	1	1	1
60	R	2	0	1	0	65	83	4	2	1
60	P	3	2	0	0	66	75	1	1	0
61	R	1	3	1	1	66	74	5	4	0
61	R	0	3	1	1	64	70	2	4	0
61	R	1	3	1	1	62	69	4	4	0
61	P	2	3	1	0	65	74	3	2	0
61	F	2	3	1	1	62	67	5	4	0
61	R	0	3	0	0	79	102	5	1	1
61	F	2	0	0	1	67	75	3	2	0
61	R	3	0	0	0	81	107	4	1	1
61	F	2	3	0	1	74	76	4	2	1
61	R	1	3	1	0	64	75	2	2	0
61	P	0	2	1	1	63	66	3	4	0
61	R	2	1	1	0	66	76	4	2	0
61	P	2	0	1	1	64	71	2	4	0
61	F	2	0	1	1	62	68	5	4	0
61	R	2	1	0	1	77	80	3	2	0
61	F	2	3	0	1	68	71	1	2	0
61	R	1	3	1	0	63	74	2	2	0
62	P	2	1	1	0	64	70	5	2	0
62	P	0	1	1	1	64	66	3	4	0
62	F	0	1	0	0	81	90	4	1	1
62	F	3	1	0	1	73	76	3	2	0
62	R	0	2	1	1	66	76	3	4	1
62	R	0	1	0	0	73	83	1	1	0
62	F	2	0	0	0	74	88	2	1	1
62	F	1	0	1	0	66	74	1	2	1
62	P	0	3	0	1	72	77	5	2	0
62	P	1	3	0	0	72	84	3	1	1
62	F	1	0	1	1	63	67	4	4	0
63	P	3	1	0	0	73	87	2	1	1
63	P	3	0	1	0	64	94	1	2	1
63	P	2	3	0	0	77	83	4	1	0
63	F	2	1	0	1	83	86	3	2	0
63	F	3	1	1	1	67	75	3	4	0
63	R	2	1	0	0	82	92	2	1	0
63	P	2	1	1	0	64	71	5	2	0
63	P	0	2	0	1	81	85	4	2	0
63	P	0	1	1	0	66	72	4	2	1
64	R	0	2	1	1	66	76	3	4	0
64	F	0	2	0	1	70	78	2	2	0
64	F	3	1	1	1	65	73	1	4	0
64	F	1	3	1	1	69	79	5	4	0
64	F	3	1	1	0	65	85	5	2	1
64	F	3	2	1	1	66	68	3	4	0
64	F	0	3	0	1	79	83	1	2	0
64	F	0	2	1	1	69	79	3	4	0
64	F	3	0	0	0	77	106	1	1	1
64	F	3	1	0	1	73	79	5	2	0
64	F	2	0	0	1	84	88	3	2	0
64	R	1	3	0	1	78	82	4	2	0
64	R	2	1	1	1	66	71	1	4	0
64	R	0	2	1	0	65	82	4	2	0
64	F	3	0	1	0	66	96	2	2	1
65	R	3	1	1	0	68	86	5	2	1
65	F	1	3	1	0	68	81	5	2	0
65	R	1	3	1	1	69	77	3	4	0
65	F	3	0	1	0	66	84	2	2	1
65	P	3	1	1	0	70	90	3	2	1
65	R	1	2	1	1	69	74	2	4	0
65	F	1	3	0	1	78	82	3	2	0
65	P	1	2	0	1	83	86	3	2	0
65	R	0	3	0	1	78	82	2	2	0
65	P	0	3	0	0	78	101	3	1	1
66	F	3	1	1	1	70	74	3	4	0
66	F	2	3	0	0	74	83	1	1	1
66	P	2	1	0	1	76	81	3	2	0.333333
66	R	1	0	0	1	80	84	4	2	1
66	P	0	3	0	0	75	102	5	1	1
66	F	1	0	1	1	68	72	2	4	0
66	F	1	3	1	0	70	83	2	2	0
66	P	1	2	1	1	69	71	1	4	0
66	P	2	1	0	0	73	82	4	1	0
66	F	3	2	0	1	85	89	1	2	0
66	P	1	2	1	0	71	79	3	2	0
66	F	0	1	0	1	73	77	1	2	0
66	F	0	1	0	1	86	90	2	2	0
66	R	1	2	0	1	80	83	1	2	0
67	F	2	3	0	1	80	85	3	2	0
67	F	1	2	0	1	83	86	5	2	0
67	R	2	0	0	1	76	81	4	2	0
67	R	3	1	1	0	69	85	5	2	0
67	R	0	2	0	1	76	79	4	2	0
67	R	1	2	0	0	86	93	2	1	1
67	R	3	1	0	0	87	98	5	1	1
67	F	2	0	0	1	73	78	5	2	0
67	F	0	2	1	0	72	87	4	2	0
67	R	1	0	0	0	83	93	3	1	0
67	F	2	1	1	0	68	78	1	2	0
67	R	2	0	0	1	77	82	5	2	0
67	P	2	3	1	0	70	80	5	2	1
67	R	2	0	0	1	84	93	2	2	0
68	P	3	0	1	1	71	86	5	4	0
68	P	3	0	1	1	70	80	1	4	0
68	R	2	1	0	1	84	87	3	2	0
68	R	1	0	0	1	85	90	4	2	0
68	R	0	2	0	0	83	95	1	1	1
68	R	3	0	0	1	79	94	2	2	0
68	P	3	0	0	0	82	107	5	1	1
68	P	3	2	1	1	71	76	2	4	0
68	F	2	0	0	1	88	97	4	2	1
68	P	2	3	1	1	71	75	5	4	0
68	R	2	0	1	1	73	82	5	4	0
69	R	1	0	1	0	70	77	1	2	0
69	P	2	1	1	1	72	74	3	4	0
69	P	3	1	1	1	72	75	1	4	0
69	P	0	3	1	1	74	79	5	4	0
69	F	1	0	0	1	78	80	2	2	0
69	F	3	1	0	1	83	92	2	2	0
69	F	3	2	1	0	73	83	1	2	1
69	R	1	0	0	1	88	90	2	2	0
69	F	2	3	0	1	89	94	1	2	0
69	F	2	1	1	0	72	78	1	2	0
70	F	1	3	0	1	82	91	2	2	1
70	P	2	0	0	1	85	89	3	2	0
70	F	2	3	1	1	71	76	5	4	1
70	R	1	3	1	0	72	84	5	2	0
70	F	1	3	1	1	71	75	5	4	0
70	F	3	1	1	0	74	87	5	2	0
70	F	2	3	1	1	75	80	1	4	0
70	P	0	3	0	1	80	93	3	2	1
70	F	3	2	1	0	72	81	1	2	1
70	R	1	3	1	0	72	90	1	2	1
70	F	2	3	1	0	75	85	3	2	0
70	R	2	0	1	1	72	75	5	4	0
71	P	2	3	0	0	89	98	4	1	0
71	R	2	3	1	0	74	82	3	2	1
71	P	3	2	1	1	72	76	2	4	0
71	F	0	3	0	1	83	98	1	2	1
71	P	2	3	1	1	73	77	2	4	0
71	P	0	2	1	1	74	82	3	4	0
71	P	3	0	1	0	75	92	4	2	0
71	F	1	0	1	1	76	80	4	4	0
72	P	2	3	1	0	74	83	3	2	0
72	P	3	0	1	0	76	95	1	2	0
72	P	3	1	1	1	74	81	1	4	0
72	F	2	1	0	1	87	91	3	2	0
72	P	0	1	1	1	74	77	3	4	0
72	R	0	2	1	1	73	82	3	4	0
72	F	0	1	1	0	75	81	5	2	0
72	R	0	1	0	0	78	87	2	1	1
72	P	2	3	1	1	76	81	5	4	0
72	P	3	2	1	0	77	84	4	2	0.5
72	R	1	0	0	1	86	90	2	2	0
72	P	0	3	0	1	81	96	5	2	1
72	P	3	2	0	0	83	92	1	1	0
72	F	3	0	1	0	76	93	2	2	0
73	R	3	1	1	0	77	89	5	2	0
73	F	3	0	1	1	77	81	5	4	0
73	F	0	2	0	1	82	90	2	2	1
73	F	3	0	1	1	76	91	3	4	0
73	R	0	3	1	1	78	93	2	4	1
73	R	0	2	0	0	81	98	2	1	1
73	P	2	1	0	1	90	92	3	2	0
73	R	0	2	0	0	87	107	1	1	1
73	R	3	1	0	0	89	108	5	1	1
73	F	1	3	1	0	77	90	2	2	1
73	P	3	0	0	0	79	103	4	1	1
73	F	2	0	1	1	75	82	5	4	0
73	F	1	3	1	0	77	93	4	2	1
73	F	3	1	1	1	78	83	1	4	0
73	P	0	2	0	1	91	98	4	2	0
73	R	1	2	0	0	83	93	4	1	1
74	F	2	3	0	1	92	96	3	2	0
74	F	2	3	0	0	91	101	1	1	0
74	R	2	0	0	1	93	102	4	2	1
74	F	0	3	0	1	82	97	3	2	1
74	R	0	3	0	0	94	121	5	1	1
74	P	0	3	1	1	77	83	5	4	0
74	P	0	3	0	0	89	115	5	1	1
74	F	3	1	0	0	94	109	2	1	1
74	F	2	0	1	0	77	88	4	2	0
74	F	0	1	1	1	77	80	3	4	0
74	F	3	1	0	1	81	84	3	2	0
74	F	3	2	0	1	89	94	1	2	1
74	P	1	2	1	0	78	84	3	2	0
74	F	0	1	0	1	80	85	1	2	0
74	F	2	0	1	0	77	88	1	2	0
74	F	0	1	1	0	77	86	2	2	1
74	R	0	3	0	1	94	105	2	2	1
74	R	2	1	1	1	76	79	1	4	0
74	F	1	0	1	0	78	84	1	2	1
74	F	2	3	0	1	94	97	1	2	0
74	R	2	0	0	1	84	92	2	2	0
74	R	1	3	1	0	75	86	2	2	0
75	F	1	2	0	1	89	91	5	2	0
75	P	3	1	1	1	77	86	5	4	0
75	F	2	3	0	1	84	88	4	2	0
75	R	2	0	1	0	79	96	1	2	0
75	P	2	1	0	0	84	93	4	1	0
75	F	3	1	0	1	86	96	5	2	1
75	F	2	0	0	1	86	93	4	2	0
75	P	1	2	0	1	86	88	3	2	0.333333
75	R	1	2	0	1	84	88	1	2	0
75	R	0	2	1	0	78	95	4	2	0
76	R	0	2	1	1	77	85	3	4	0
76	F	3	1	1	1	77	80	3	4	0
76	F	1	0	0	1	93	98	2	2	1
76	P	1	2	1	1	81	86	1	4	0
76	F	3	1	1	1	78	85	3	4	0
76	R	2	1	0	0	83	93	2	1	0
76	F	2	0	0	1	88	91	3	2	0
76	F	1	0	1	1	79	82	5	4	0
76	R	2	1	0	1	89	93	3	2	0
76	P	1	3	0	0	87	104	3	1	1
76	F	1	0	1	0	79	87	5	2	1
77	F	3	0	0	0	94	116	3	1	1
77	R	3	1	1	0	81	96	5	2	1
77	P	2	1	1	0	79	85	5	2	0
77	P	3	2	1	1	81	86	4	4	0
77	F	2	3	0	1	94	97	1	2	0
78	R	1	3	1	1	81	87	5	4	0
78	P	3	0	1	1	79	88	1	4	0
78	P	3	0	0	0	93	110	4	1	0
78	R	1	3	1	1	80	83	4	4	0
78	R	3	2	0	0	96	106	2	1	0
78	F	0	1	0	0	84	91	4	1	1
78	R	1	2	1	1	83	87	2	4	0
78	F	1	2	0	0	85	92	5	1	0
78	P	2	3	1	0	83	93	5	2	1
78	P	0	3	0	0	87	103	1	1	0
78	P	0	1	1	0	82	88	4	2	0.75
79	P	3	1	0	0	94	114	2	1	1
79	F	3	2	0	0	93	99	3	1	0
79	R	1	0	0	1	88	90	4	2	0
79	P	1	2	1	0	81	91	1	2	0
79	P	3	1	1	0	83	100	3	2	1
79	R	1	2	0	1	92	96	2	2	0
79	R	0	1	1	1	82	86	4	4	0
79	F	2	1	1	0	80	89	1	2	0
79	R	2	0	0	1	97	100	5	2	0
79	R	2	1	0	0	87	94	3	1	0
79	F	3	2	1	0	82	90	1	2	0
79	F	2	1	1	0	83	90	1	2	0
80	F	1	2	0	0	89	99	2	1	0
80	P	2	1	1	1	85	87	3	4	0
80	F	2	0	0	1	95	105	3	2	0
80	R	3	0	0	1	90	105	2	2	1
80	R	3	0	0	0	96	114	4	1	1
80	F	1	3	0	1	86	95	3	2	0
80	R	1	0	1	1	83	85	3	4	0
80	F	0	2	1	0	81	92	4	2	0
80	R	1	3	0	1	86	89	4	2	0
81	R	1	3	1	1	83	92	3	4	0
81	R	1	0	1	0	85	95	1	2	0
81	R	1	0	0	1	94	99	4	2	1
81	F	3	2	1	1	82	86	3	4	0
81	F	3	2	0	0	88	98	4	1	1
81	F	1	0	1	1	83	85	2	4	0
81	R	1	3	1	0	86	106	2	2	1
81	R	3	1	1	0	84	102	1	2	1
81	F	0	3	1	1	84	88	3	4	0
81	F	0	1	0	1	94	96	2	2	0
81	P	0	2	1	1	84	88	1	4	0
81	P	2	1	1	0	84	93	5	2	0
81	R	1	3	1	0	84	101	2	2	0
81	F	2	1	0	1	99	102	3	2	0
82	P	3	0	1	1	86	95	5	4	0
82	R	2	1	0	1	88	92	3	2	0
82	R	1	3	1	0	86	100	2	2	0
82	F	3	0	1	0	83	101	2	2	1
82	R	1	2	1	1	85	88	2	4	0
82	P	0	1	1	0	86	94	1	2	0
82	F	0	1	0	1	102	107	2	2	0
82	R	0	1	0	0	97	103	1	1	1
82	P	0	2	1	1	83	88	5	4	0
82	R	2	0	1	0	87	102	4	2	0
82	P	0	3	0	0	96	120	3	1	1
83	F	1	3	1	0	84	102	5	2	0
83	F	3	1	1	1	86	93	1	4	0
83	P	3	1	0	0	102	117	2	1	1
83	R	0	2	0	1	89	92	4	2	0
83	R	1	2	0	0	102	111	2	1	0
83	F	0	3	0	1	91	100	1	2	0
83	P	3	0	0	0	103	130	5	1	1
83	F	3	1	0	1	101	110	2	2	1
83	P	1	3	1	1	86	96	1	4	0
83	F	0	2	1	1	84	94	3	4	0
83	F	2	0	0	1	90	96	5	2	0
83	F	3	0	0	0	101	120	1	1	1
83	R	2	1	1	0	88	94	4	2	0
83	F	2	0	0	0	103	120	2	1	1
83	P	2	0	1	1	86	92	2	4	0
83	R	1	0	0	0	93	99	3	1	1
84	F	2	3	0	1	103	108	3	2	0
84	F	3	1	1	1	85	91	1	4	0
84	F	1	3	1	1	88	96	5	4	0
84	F	0	3	0	1	101	110	1	2	0
84	P	0	3	0	0	94	122	5	1	1
84	P	2	1	1	0	87	95	5	2	0.2
84	P	1	3	1	1	85	95	1	4	0
84	F	3	0	0	0	103	132	1	1	1
84	F	3	1	0	1	97	106	5	2	0
84	R	2	1	0	0	95	102	2	1	0
84	F	0	1	0	1	94	99	2	2	0
84	F	1	2	0	0	103	113	5	1	0
84	R	1	0	0	0	100	107	3	1	0
84	F	2	1	1	0	85	94	1	2	0
84	R	2	0	0	1	98	108	2	2	0
85	R	0	2	1	1	87	91	3	4	0
85	F	3	2	1	1	88	93	3	4	1
85	R	3	0	0	1	99	107	2	2	0
85	R	3	0	0	0	101	129	4	1	1
85	P	3	0	0	0	94	123	4	1	1
85	F	0	1	1	1	86	88	3	4	0
85	F	3	1	0	1	105	110	3	2	1
85	F	1	3	0	1	100	103	3	2	0
85	F	0	1	1	0	86	94	2	2	0
85	F	2	0	0	0	91	110	2	1	0
85	R	0	1	1	1	90	94	4	4	0
86	P	3	1	0	0	99	112	2	1	1
86	P	3	0	0	0	102	122	4	1	1
86	R	1	3	1	1	91	97	3	4	0
86	P	2	3	1	0	90	98	3	2	0
86	R	1	3	1	0	88	102	5	2	0
86	R	0	2	0	0	98	109	1	1	1
86	P	3	0	0	0	103	122	5	1	1
86	P	1	2	0	1	98	102	3	2	1
86	F	2	0	0	1	101	106	3	2	0
86	F	0	3	1	1	88	95	3	4	0
86	F	0	1	0	1	105	107	2	2	0
86	P	0	2	1	1	88	97	3	4	0
86	R	0	1	0	0	100	108	1	1	0
86	F	2	1	0	1	101	106	3	2	0
86	F	2	3	1	0	91	100	3	2	0
86	F	2	3	0	1	103	106	1	2	0
87	R	3	1	1	0	88	108	5	2	0
87	F	3	1	1	0	92	103	5	2	0
87	F	1	0	1	1	88	90	2	4	0
87	F	3	1	0	1	103	112	2	2	1
87	F	0	3	0	1	95	101	1	2	0
87	F	2	0	1	0	88	99	1	2	0
87	R	0	3	0	1	103	110	2	2	0
87	P	3	2	1	0	91	97	4	2	0.25
87	P	0	3	0	0	97	117	1	1	1
88	R	1	3	1	1	92	98	5	4	0
88	F	3	0	1	1	90	102	3	4	0
88	F	1	2	0	1	95	99	5	2	0
88	F	3	2	0	0	95	105	3	1	0
88	P	2	1	0	1	106	109	3	2	1
88	F	1	3	1	0	91	105	2	2	1
88	P	1	2	1	0	89	95	1	2	0
88	P	2	1	0	0	96	103	4	1	0
88	P	3	2	1	1	89	93	4	4	0
88	F	3	2	0	1	101	103	1	2	0
88	F	0	1	1	0	93	101	5	2	1
88	R	0	1	0	0	108	115	2	1	1
88	F	3	2	1	0	89	97	1	2	0
88	F	1	0	1	0	91	100	1	2	1
88	F	1	3	1	0	92	106	4	2	1
88	P	0	2	1	1	91	95	5	4	0
89	P	3	0	1	1	91	99	5	4	0
89	R	1	3	1	0	91	108	2	2	1
89	R	0	2	0	0	106	123	2	1	1
89	P	3	1	1	1	91	96	1	4	0
89	P	2	3	0	0	109	118	4	1	1
89	F	2	3	0	1	107	110	4	2	0
89	R	0	2	1	1	91	100	3	4	0
89	R	2	1	1	0	92	100	4	2	0
89	P	2	0	1	1	91	99	2	4	0
89	P	0	3	0	1	99	106	5	2	0
90	F	0	2	0	1	109	114	2	2	0
90	F	1	3	0	1	98	105	2	2	1
90	F	2	3	1	1	94	96	5	4	0
90	F	0	3	0	1	101	116	3	2	0
90	F	2	0	0	1	99	103	3	2	0
90	F	1	0	0	1	109	114	2	2	1
90	P	1	2	1	1	94	96	1	4	0
90	R	1	2	0	1	105	108	2	2	0
90	P	0	1	1	0	95	102	1	2	1
90	R	1	2	1	1	92	96	2	4	0
90	F	2	0	1	1	92	96	5	4	0
90	F	1	0	1	1	94	96	4	4	0
90	R	1	3	1	0	94	106	2	2	1
91	R	0	3	1	1	94	106	2	4	1
91	F	1	2	0	0	100	108	2	1	1
91	R	1	0	1	0	95	105	1	2	1
91	R	1	0	0	1	106	109	4	2	0
91	R	2	0	0	1	105	115	4	2	0
91	R	3	1	1	0	94	113	5	2	0
91	R	0	2	0	1	104	109	4	2	0
91	F	3	2	0	0	103	111	4	1	1
91	R	1	0	0	1	101	105	4	2	0
91	R	2	3	1	0	93	103	3	2	0
91	F	0	2	1	0	92	104	4	2	1
91	R	2	1	1	1	92	97	1	4	0
91	P	2	1	1	0	96	106	5	2	0
91	P	1	3	0	0	101	119	3	1	1
91	P	0	2	0	1	101	110	4	2	0
91	F	1	0	1	0	95	104	5	2	1
92	F	3	0	0	0	110	131	3	1	1
92	P	3	0	1	0	94	112	1	2	0
92	R	1	2	0	0	107	114	2	1	0
92	F	3	1	0	0	105	118	2	1	0
92	F	3	1	1	1	96	104	3	4	0
92	R	1	0	1	1	97	102	3	4	0
92	F	1	0	1	1	93	98	5	4	1
92	P	3	0	1	0	94	117	4	2	0
92	F	3	1	1	1	96	102	1	4	0
92	R	2	0	1	1	95	101	5	4	0
92	P	0	1	1	0	96	103	4	2	1
92	F	3	0	1	0	97	116	2	2	0
93	F	3	1	1	1	94	97	3	4	0
93	P	3	0	1	1	97	111	1	4	0
93	R	1	3	1	1	94	104	4	4	1
93	P	3	1	1	1	96	99	5	4	0
93	P	0	3	1	1	97	108	5	4	0.4
93	F	2	0	1	0	95	109	4	2	0
93	P	0	1	1	1	96	99	3	4	0
93	R	1	3	1	0	94	108	2	2	0
93	F	2	0	0	1	105	113	4	2	0
93	F	0	1	0	1	111	115	1	2	1
93	P	0	2	1	1	94	98	1	4	0
93	R	2	1	0	1	105	107	3	2	0
93	R	2	0	1	0	97	114	4	2	0
93	P	0	3	0	0	106	133	3	1	1
93	P	3	2	0	0	113	121	1	1	1
93	R	1	2	0	0	111	118	4	1	1
94	R	2	1	0	1	103	108	3	2	0
94	P	3	1	0	0	112	130	2	1	1
94	P	3	2	1	1	97	100	2	4	0
94	P	0	3	0	1	106	120	3	2	1
94	R	1	2	0	1	101	105	1	2	0
94	F	2	3	0	1	112	115	1	2	0
94	R	1	3	1	0	97	113	2	2	0
94	F	2	1	1	0	98	107	1	2	0
95	R	0	3	0	0	115	133	5	1	1
95	F	3	0	1	0	100	129	2	2	1
95	R	2	0	1	0	100	111	1	2	0
95	R	1	0	0	1	115	120	2	2	0
95	R	1	3	1	0	96	115	1	2	0
95	R	2	1	0	0	102	108	3	1	0
95	F	3	2	1	0	99	106	1	2	0
95	R	0	2	1	0	96	107	4	2	0
96	F	3	0	1	1	98	109	5	4	0
96	F	1	3	1	0	97	109	5	2	0
96	P	2	1	1	1	99	101	3	4	0
96	R	3	2	0	0	108	118	2	1	0
96	F	2	1	0	1	112	116	3	2	0
96	P	3	1	1	0	99	114	3	2	0
96	F	2	0	0	1	108	113	5	2	0
96	P	1	2	1	0	99	108	3	2	0
96	R	3	1	1	0	98	112	1	2	0
96	P	2	3	1	1	97	101	2	4	0
96	R	1	3	0	1	109	119	4	2	1
96	R	2	0	0	1	116	121	5	2	0
97	F	2	3	0	0	110	116	1	1	0
97	P	2	0	0	1	107	114	3	2	0
97	R	3	1	0	0	107	123	5	1	1
97	F	0	1	0	0	106	116	4	1	1
97	F	2	3	1	1	98	102	1	4	0
97	R	1	2	1	1	99	102	2	4	0
97	F	0	2	1	1	100	108	3	4	0
97	P	2	3	1	1	98	101	5	4	0
97	P	2	3	1	0	101	109	5	2	1
98	R	0	2	1	1	103	111	3	4	0
98	R	0	3	1	1	102	114	2	4	0
98	R	1	0	1	0	103	110	1	2	0
98	F	3	2	1	1	102	105	3	4	0
98	P	3	2	1	1	103	105	2	4	0
98	P	1	2	1	1	102	106	1	4	0
98	F	3	0	0	0	117	143	1	1	1
98	P	0	3	0	1	112	124	3	2	1
98	F	2	0	0	1	116	125	3	2	1
98	R	2	1	1	0	100	108	4	2	0
98	R	1	0	0	0	104	112	3	1	1
98	F	2	1	1	0	100	108	1	2	0
98	F	3	1	1	1	101	109	1	4	0
99	R	3	1	1	0	101	119	5	2	0
99	P	3	0	1	1	101	112	5	4	0
99	R	2	0	0	1	105	109	4	2	0
99	R	1	3	1	0	103	121	2	2	1
99	R	3	1	1	0	103	123	5	2	1
99	F	0	3	0	1	110	122	1	2	1
99	R	3	1	1	0	104	116	1	2	0
99	F	0	3	1	1	101	113	3	4	0
99	R	0	1	0	0	113	123	1	1	0
99	P	2	1	1	0	102	109	5	2	0
99	R	2	0	0	1	118	128	2	2	1
